<?xml version="1.0"?>
<opencv_storage>
<calibration_time>"Mon 16 May 2016 04:10:17 PM EEST"</calibration_time>
<nr_of_frames>50</nr_of_frames>
<image_width>1280</image_width>
<image_height>720</image_height>
<board_width>7</board_width>
<board_height>5</board_height>
<square_size>50.</square_size>
<fix_aspect_ratio>1.</fix_aspect_ratio>
<!-- flags: +fix_aspectRatio +fix_principal_point +zero_tangent_dist -->
<flags>6158</flags>
<fisheye_model>0</fisheye_model>
<camera_matrix type_id="opencv-matrix">
  <rows>3</rows>
  <cols>3</cols>
  <dt>d</dt>
  <data>
    1.2121165393303970e+03 0. 6.3950000000000000e+02 0.
    1.2121165393303970e+03 3.5950000000000000e+02 0. 0. 1.</data></camera_matrix>
<distortion_coefficients type_id="opencv-matrix">
  <rows>5</rows>
  <cols>1</cols>
  <dt>d</dt>
  <data>
    3.2833868353819434e-01 -1.1518249442501587e+00 0. 0.
    1.7189192997108622e+00</data></distortion_coefficients>
<avg_reprojection_error>6.7940688719331510e-01</avg_reprojection_error>
<per_view_reprojection_errors type_id="opencv-matrix">
  <rows>50</rows>
  <cols>1</cols>
  <dt>f</dt>
  <data>
    5.17828107e-01 5.31273365e-01 5.99383235e-01 5.28870046e-01
    6.01692796e-01 5.34854412e-01 5.52455902e-01 6.41644180e-01
    6.07965887e-01 7.88472474e-01 8.93108666e-01 6.39791131e-01
    5.87221026e-01 6.09010339e-01 6.35248065e-01 2.16534662e+00
    5.59678853e-01 5.36760628e-01 5.08524477e-01 5.31852007e-01
    5.08437335e-01 5.13558090e-01 5.22199929e-01 5.29309213e-01
    5.16176581e-01 5.31624675e-01 5.54531157e-01 5.53725302e-01
    5.72948337e-01 5.69756806e-01 1.21816695e+00 5.63219547e-01
    5.55680513e-01 5.77254891e-01 5.49368441e-01 5.76134324e-01
    5.50113976e-01 6.34186625e-01 6.28961265e-01 6.52326941e-01
    6.25991583e-01 6.22666836e-01 6.40197098e-01 6.26147985e-01
    6.44477487e-01 6.16567850e-01 6.21575952e-01 6.13072217e-01
    6.08300447e-01 6.10704482e-01</data></per_view_reprojection_errors>
<extrinsic_parameters type_id="opencv-matrix">
  <rows>50</rows>
  <cols>6</cols>
  <dt>d</dt>
  <data>
    -7.9480525308013461e-01 1.4505330881293907e-01
    1.6663113503252042e-01 -1.0173563675165501e+02
    -1.2159065236005827e+02 1.3201935623716740e+03
    -7.9342508853932325e-01 1.4674250998264463e-01
    1.6604859004587461e-01 -1.0154176952174730e+02
    -1.2313344996760699e+02 1.3296126942390438e+03
    -7.8997087168993874e-01 1.5132928532518533e-01
    1.6056628623248295e-01 -1.1430195180128888e+02
    -1.2128089731142957e+02 1.3396097793699744e+03
    -7.8932977073457133e-01 1.4069852706251901e-01
    1.5098502294912658e-01 -1.2761479731110994e+02
    -1.1550666875018152e+02 1.3470637064961008e+03
    -7.9154101840737112e-01 1.4990618343285245e-01
    1.5027515014659290e-01 -1.4517878942865673e+02
    -1.0731266466332544e+02 1.3452851645407607e+03
    -7.9236511095670459e-01 1.4136920093932442e-01
    1.4409645918388636e-01 -1.6970521159623721e+02
    -1.0316728788634427e+02 1.3343780390160550e+03
    -7.9159319740527845e-01 1.4499874841536603e-01
    1.4022938248635972e-01 -1.9783011274105368e+02
    -1.0068690009273061e+02 1.3251010006290658e+03
    -7.9676274655953172e-01 1.3676063023277932e-01
    1.3010673911654530e-01 -2.4138419781931592e+02
    -1.0057829336136788e+02 1.3013847838540973e+03
    -7.8402283989616695e-01 1.4060315882782945e-01
    1.2753009724907347e-01 -2.7423652820108396e+02
    -1.0128149839106808e+02 1.2978710234469190e+03
    -7.8315708387357408e-01 1.3949020212274280e-01
    1.2548437818316199e-01 -3.1330267247545834e+02
    -1.1073515338631766e+02 1.2799114377456451e+03
    -7.7134755301647973e-01 1.2792657150322906e-01
    1.2684932740615126e-01 -3.4970156740926097e+02
    -1.1828166346200895e+02 1.2735693333681536e+03
    -7.6406246341578166e-01 1.3709229553290342e-01
    1.4501305364101333e-01 -3.8460258753166670e+02
    -1.3611111806490925e+02 1.2793375066531839e+03
    -7.6185773151123293e-01 1.3670970567873267e-01
    1.5428820765598492e-01 -3.9611315709137369e+02
    -1.4214895192720780e+02 1.2717728188453227e+03
    -7.5910593113309133e-01 1.3112635386803562e-01
    1.5909139114833773e-01 -4.0780528523275291e+02
    -1.4865035226819063e+02 1.2695008209437626e+03
    -7.5276806029009113e-01 1.3254020565113797e-01
    1.6806547328816976e-01 -4.0984689571045993e+02
    -1.5855319202475297e+02 1.2760759738793547e+03
    -7.4662048730915087e-01 1.4847452015610715e-01
    1.8495941310335817e-01 -4.0951462887092384e+02
    -1.7227743237328625e+02 1.2853350760406797e+03
    -7.2747451308316136e-01 1.6180339476240080e-01
    2.0215191132789515e-01 -4.3081946392822704e+02
    -1.8884501586169401e+02 1.2658744874191621e+03
    -7.3018940900756535e-01 1.6306405256736847e-01
    2.0894741937058359e-01 -4.4223309584821834e+02
    -1.9137871724407825e+02 1.2669502388215867e+03
    -7.2500000271533593e-01 1.6131477535928176e-01
    2.1125321427265414e-01 -4.5171886469120790e+02
    -1.9354112444213357e+02 1.2737591796382817e+03
    -7.2448171616914048e-01 1.7067422628162512e-01
    2.1492509374560276e-01 -4.5892872565505814e+02
    -1.9328926930438917e+02 1.2777200122842241e+03
    -7.2329915046017423e-01 1.7016992973135059e-01
    2.1256181088026455e-01 -4.7815555922263030e+02
    -1.9543234705744791e+02 1.2899529849028249e+03
    -7.2226768990082235e-01 1.7910572415549780e-01
    2.1389983763572235e-01 -4.7995854195203981e+02
    -1.9682966140268499e+02 1.3005306068179336e+03
    -7.2453728942576867e-01 1.8872739092045696e-01
    2.1476266391782012e-01 -4.8509221197780658e+02
    -1.9763743485932045e+02 1.3050147809649225e+03
    -7.2590034554565519e-01 1.9160845597472098e-01
    2.1325019385579569e-01 -4.9465134339664559e+02
    -1.9964011696720422e+02 1.3070939206509352e+03
    -7.2128321264377193e-01 1.9138007107210545e-01
    2.0696429338938016e-01 -5.0544705019246646e+02
    -2.0079659428322262e+02 1.3121374396278320e+03
    -7.2052250836568044e-01 1.9363425714340854e-01
    2.0040192694850045e-01 -5.1485462770772915e+02
    -2.0123545872006827e+02 1.3174289628828717e+03
    -7.2275280063093816e-01 1.9486182048176098e-01
    1.9439750125651936e-01 -5.2302143734335186e+02
    -2.0119957026476834e+02 1.3120022334181692e+03
    -7.2106683678778360e-01 1.9223401239031621e-01
    1.8541877698152867e-01 -5.3286987087110651e+02
    -2.0145525214214925e+02 1.3096781833132247e+03
    -7.1204239212263154e-01 1.6650103342804023e-01
    1.5750628277570294e-01 -5.9110780377844617e+02
    -3.3718483697990644e+02 1.4092841706850438e+03
    -7.4094043429949263e-01 1.8876756631445973e-01
    1.6148283749289549e-01 -5.6719018921346094e+02
    -3.1306111459650259e+02 1.4326652543645257e+03
    -7.2804177196673303e-01 1.9978971066013598e-01
    1.6482525014892668e-01 -5.6029961658277512e+02
    -3.1421911514260961e+02 1.4413942985781073e+03
    -7.4796809509306939e-01 2.0439956354647865e-01
    1.6477379680301296e-01 -5.5344618877839594e+02
    -3.1081766794643795e+02 1.4420709827445801e+03
    -7.4677085052583236e-01 2.1186789089893215e-01
    1.6585249956059553e-01 -5.4653345872958892e+02
    -3.1400346680376657e+02 1.4485633584520672e+03
    -7.4740880629580342e-01 2.2387575309472188e-01
    1.6968625632917619e-01 -5.3920064125324973e+02
    -3.1200815349591278e+02 1.4508844674055763e+03
    -7.7801849984038129e-01 2.4036757696266678e-01
    1.8020165644248023e-01 -5.2286097404759175e+02
    -2.9262645170245185e+02 1.4723500302917314e+03
    -8.4462927170504143e-01 2.6730076045008205e-01
    1.9872283920937675e-01 -5.0422257784279986e+02
    -2.2350308932097207e+02 1.4980304036840014e+03
    -8.9786261835439340e-01 2.8528490201828988e-01
    2.2489396844074627e-01 -5.0861489976365380e+02
    -2.0222558307096327e+02 1.5136717580165132e+03
    -8.8186794264121582e-01 2.7616548180243250e-01
    2.3312944148311038e-01 -5.5976400135216397e+02
    -3.0303642489037702e+02 1.4732102504699369e+03
    -8.8678909845112208e-01 2.7911467957448038e-01
    2.3361611652495307e-01 -5.6293010328532205e+02
